   0  0      48.08390   31.04885 -227.95092
      1       0.45352    0.86888    0.19842
      2       0.86889   -0.48060    0.11858
      3       0.19839    0.11862   -0.97292
   1  0      40.86042   88.71803 -213.76361
      1       0.64447   -0.74500    0.17214
      2      -0.73906   -0.54919    0.39011
      3      -0.19610   -0.37863   -0.90454
   2  0      96.65970   58.36943 -206.11951
      1      -0.90585   -0.01692    0.42326
      2       0.09899    0.96308    0.25036
      3      -0.41187    0.26869   -0.87073
   3  0     -14.67047   55.32513 -227.95092
      1      -0.68622    0.72558   -0.05146
      2       0.69982    0.67784    0.22535
      3       0.19839    0.11862   -0.97292
   4  0     -71.74929   66.27595 -213.76361
      1       0.90204    0.29209   -0.31782
      2       0.38454   -0.87825    0.28426
      3      -0.19610   -0.37863   -0.90454
   5  0     -25.64313  109.96598 -206.11951
      1      -0.37407   -0.92117   -0.10731
      2      -0.83092    0.28151    0.47991
      3      -0.41187    0.26869   -0.87073
   6  0     -57.15075    3.14396 -227.95092
      1      -0.87762   -0.42045   -0.23022
      2      -0.43637    0.89953    0.02069
      3       0.19839    0.11862   -0.97292
   7  0     -85.20392  -47.75724 -213.76361
      1      -0.08698    0.92553   -0.36856
      2       0.97672    0.00640   -0.21442
      3      -0.19610   -0.37863   -0.90454
   8  0    -112.50802    9.59329 -206.11951
      1       0.67466   -0.55239   -0.48959
      2      -0.61253   -0.78909    0.04624
      3      -0.41187    0.26869   -0.87073
   9  0     -20.65064  -53.38206 -227.95092
      1       0.14382   -0.98543   -0.09082
      2      -0.96951   -0.12190   -0.21256
      3       0.19839    0.11862   -0.97292
  10  0      19.09037  -95.79154 -213.76361
      1      -0.95579    0.27991    0.09004
      2       0.21910    0.88221   -0.41678
      3      -0.19610   -0.37863   -0.90454
  11  0     -43.89064 -104.03701 -206.11951
      1       0.79103    0.57977   -0.19527
      2       0.45236   -0.76920   -0.45133
      3      -0.41187    0.26869   -0.87073
  12  0      44.38796  -36.13589 -227.95092
      1       0.96650   -0.18858    0.17409
      2      -0.16282   -0.97487   -0.15206
      3       0.19839    0.11862   -0.97292
  13  0      97.00242  -11.44519 -213.76361
      1      -0.50373   -0.75253    0.42421
      2      -0.84131    0.53883   -0.04316
      3      -0.19610   -0.37863   -0.90454
  14  0      85.38212  -73.89168 -206.11951
      1      -0.18578    0.91071    0.36890
      2       0.89210    0.31370   -0.32518
      3      -0.41187    0.26869   -0.87073
  15  0     183.02984   45.26992 -140.31546
      1      -0.61401   -0.04312    0.78812
      2       0.17698    0.96556    0.19071
      3      -0.76920    0.25658   -0.58523
  16  0     147.32111   21.25823 -181.87887
      1       0.38233    0.68754    0.61734
      2       0.83643   -0.54144    0.08499
      3       0.39269    0.48387   -0.78209
  17  0     144.31241   83.11717 -165.83366
      1       0.47111   -0.64127    0.60566
      2      -0.88064   -0.30288    0.36432
      3      -0.05019   -0.70501   -0.70742
  18  0      77.21516  167.18472 -146.03015
      1       0.71120   -0.62731    0.31731
      2      -0.61094   -0.32823    0.72043
      3      -0.34778   -0.70622   -0.61669
  19  0     130.12674  141.40846 -135.29975
      1      -0.76269   -0.31510    0.56482
      2       0.11121    0.79640    0.59446
      3      -0.63713    0.51620   -0.57236
  20  0      90.32825  120.15866 -180.66003
      1       0.33896    0.85939    0.38282
      2       0.70601   -0.50130    0.50024
      3       0.62182    0.10072   -0.77666
  21  0      13.50507  188.06090 -140.31546
      1      -0.35805   -0.93163    0.06217
      2      -0.52927    0.25736    0.80848
      3      -0.76920    0.25658   -0.58523
  22  0      25.30693  146.67985 -181.87887
      1      -0.67735    0.72740    0.10994
      2       0.62209    0.48657    0.61339
      3       0.39269    0.48387   -0.78209
  23  0     -34.45415  162.93387 -165.83366
      1       0.98312    0.08989   -0.15933
      2       0.17592   -0.70348    0.68860
      3      -0.05019   -0.70501   -0.70742
  24  0    -135.14132  125.09891 -146.03015
      1       0.80081    0.11832   -0.58711
      2       0.48760   -0.69803    0.52440
      3      -0.34778   -0.70622   -0.61669
  25  0     -94.27606  167.45550 -135.29975
      1      -0.34145   -0.85479   -0.39083
      2      -0.69099   -0.05358    0.72087
      3      -0.63713    0.51620   -0.57236
  26  0     -86.36471  123.03834 -180.66003
      1      -0.56671    0.74233   -0.35746
      2       0.54054    0.66242    0.51867
      3       0.62182    0.10072   -0.77666
  27  0    -174.68325   70.95810 -140.31546
      1       0.39272   -0.53266   -0.74970
      2      -0.50408   -0.80650    0.30896
      3      -0.76920    0.25658   -0.58523
  28  0    -131.68056   69.39490 -181.87887
      1      -0.80095   -0.23798   -0.54940
      2      -0.45196    0.84216    0.29410
      3       0.39269    0.48387   -0.78209
  29  0    -165.60624   17.58150 -165.83366
      1       0.13649    0.69683   -0.70413
      2       0.98937   -0.13189    0.06125
      3      -0.05019   -0.70501   -0.70742
  30  0    -160.73709  -89.86934 -146.03015
      1      -0.21627    0.70043   -0.68016
      2       0.91229   -0.10317   -0.39633
      3      -0.34778   -0.70622   -0.61669
  31  0    -188.39256  -37.91526 -135.29975
      1       0.55166   -0.21319   -0.80636
      2      -0.53827   -0.82951   -0.14894
      3      -0.63713    0.51620   -0.57236
  32  0    -143.70458  -44.11677 -180.66003
      1      -0.68921   -0.40060   -0.60375
      2      -0.37194    0.91070   -0.17969
      3       0.62182    0.10072   -0.77666
  33  0    -121.46526 -144.20638 -140.31546
      1       0.60077    0.60243   -0.52551
      2       0.21773   -0.75581   -0.61753
      3      -0.76920    0.25658   -0.58523
  34  0    -106.69001 -103.79145 -181.87887
      1       0.18233   -0.87448   -0.44948
      2      -0.90141    0.03391   -0.43163
      3       0.39269    0.48387   -0.78209
  35  0     -67.89615 -152.06791 -165.83366
      1      -0.89877    0.34077   -0.27585
      2       0.43554    0.62196   -0.65074
      3      -0.05019   -0.70501   -0.70742
  36  0      35.80033 -180.64120 -146.03015
      1      -0.93447    0.31457    0.16675
      2       0.07623    0.63427   -0.76935
      3      -0.34778   -0.70622   -0.61669
  37  0     -22.15694 -190.88842 -135.29975
      1       0.68239    0.72303   -0.10753
      2       0.35833   -0.45909   -0.81292
      3      -0.63713    0.51620   -0.57236
  38  0      -2.44961 -150.30399 -180.66003
      1       0.14076   -0.98992   -0.01567
      2      -0.77041   -0.09958   -0.62972
      3       0.62182    0.10072   -0.77666
  39  0      99.61359 -160.08255 -140.31546
      1      -0.02142    0.90498    0.42492
      2       0.63864    0.33939   -0.69062
      3      -0.76920    0.25658   -0.58523
  40  0      65.74251 -133.54154 -181.87887
      1       0.91364   -0.30248    0.27160
      2      -0.10514   -0.82120   -0.56086
      3       0.39269    0.48387   -0.78209
  41  0     123.64411 -111.56464 -165.83366
      1      -0.69196   -0.48622    0.53365
      2      -0.72019    0.51629   -0.46343
      3      -0.05019   -0.70501   -0.70742
  42  0     182.86291  -21.77306 -146.03015
      1      -0.36127   -0.50602    0.78322
      2      -0.86518    0.49517   -0.07915
      3      -0.34778   -0.70622   -0.61669
  43  0     174.69881  -80.06027 -135.29975
      1      -0.12992    0.66005    0.73990
      2       0.75972    0.54578   -0.35348
      3      -0.63713    0.51620   -0.57236
  44  0     142.19063  -48.77621 -180.66003
      1       0.77620   -0.21120    0.59406
      2      -0.10420   -0.97224   -0.20950
      3       0.62182    0.10072   -0.77666