   0  0      48.08390   31.04885 -227.95092
      1       0.45352    0.86888    0.19842
      2       0.86889   -0.48060    0.11858
      3       0.19839    0.11862   -0.97292
   1  0      40.86042   88.71803 -213.76361
      1       0.64447   -0.74500    0.17214
      2      -0.73906   -0.54919    0.39011
      3      -0.19610   -0.37863   -0.90454
   2  0      96.65970   58.36943 -206.11951
      1      -0.90585   -0.01692    0.42326
      2       0.09899    0.96308    0.25036
      3      -0.41187    0.26869   -0.87073
   3  0     -14.67047   55.32513 -227.95092
      1      -0.68622    0.72558   -0.05146
      2       0.69982    0.67784    0.22535
      3       0.19839    0.11862   -0.97292
   4  0     -71.74929   66.27595 -213.76361
      1       0.90204    0.29209   -0.31782
      2       0.38454   -0.87825    0.28426
      3      -0.19610   -0.37863   -0.90454
   5  0     -25.64313  109.96598 -206.11951
      1      -0.37407   -0.92117   -0.10731
      2      -0.83092    0.28151    0.47991
      3      -0.41187    0.26869   -0.87073
   6  0     -57.15075    3.14396 -227.95092
      1      -0.87762   -0.42045   -0.23022
      2      -0.43637    0.89953    0.02069
      3       0.19839    0.11862   -0.97292
   7  0     -85.20392  -47.75724 -213.76361
      1      -0.08698    0.92553   -0.36856
      2       0.97672    0.00640   -0.21442
      3      -0.19610   -0.37863   -0.90454
   8  0    -112.50802    9.59329 -206.11951
      1       0.67466   -0.55239   -0.48959
      2      -0.61253   -0.78909    0.04624
      3      -0.41187    0.26869   -0.87073
   9  0     -20.65064  -53.38206 -227.95092
      1       0.14382   -0.98543   -0.09082
      2      -0.96951   -0.12190   -0.21256
      3       0.19839    0.11862   -0.97292
  10  0      19.09037  -95.79154 -213.76361
      1      -0.95579    0.27991    0.09004
      2       0.21910    0.88221   -0.41678
      3      -0.19610   -0.37863   -0.90454
  11  0     -43.89064 -104.03701 -206.11951
      1       0.79103    0.57977   -0.19527
      2       0.45236   -0.76920   -0.45133
      3      -0.41187    0.26869   -0.87073
  12  0      44.38796  -36.13589 -227.95092
      1       0.96650   -0.18858    0.17409
      2      -0.16282   -0.97487   -0.15206
      3       0.19839    0.11862   -0.97292
  13  0      97.00242  -11.44519 -213.76361
      1      -0.50373   -0.75253    0.42421
      2      -0.84131    0.53883   -0.04316
      3      -0.19610   -0.37863   -0.90454
  14  0      85.38212  -73.89168 -206.11951
      1      -0.18578    0.91071    0.36890
      2       0.89210    0.31370   -0.32518
      3      -0.41187    0.26869   -0.87073
  15  0     183.02984   45.26992 -140.31546
      1      -0.61401   -0.04312    0.78812
      2       0.17698    0.96556    0.19071
      3      -0.76920    0.25658   -0.58523
  16  0     147.32111   21.25823 -181.87887
      1       0.38233    0.68754    0.61734
      2       0.83643   -0.54144    0.08499
      3       0.39269    0.48387   -0.78209
  17  0     144.31241   83.11717 -165.83366
      1       0.47111   -0.64127    0.60566
      2      -0.88064   -0.30288    0.36432
      3      -0.05019   -0.70501   -0.70742
  18  0      77.21516  167.18472 -146.03015
      1       0.71120   -0.62731    0.31731
      2      -0.61094   -0.32823    0.72043
      3      -0.34778   -0.70622   -0.61669
  19  0     130.12674  141.40846 -135.29975
      1      -0.76269   -0.31510    0.56482
      2       0.11121    0.79640    0.59446
      3      -0.63713    0.51620   -0.57236
  20  0      90.32825  120.15866 -180.66003
      1       0.33896    0.85939    0.38282
      2       0.70601   -0.50130    0.50024
      3       0.62182    0.10072   -0.77666
  21  0      13.50507  188.06090 -140.31546
      1      -0.35805   -0.93163    0.06217
      2      -0.52927    0.25736    0.80848
      3      -0.76920    0.25658   -0.58523
  22  0      25.30693  146.67985 -181.87887
      1      -0.67735    0.72740    0.10994
      2       0.62209    0.48657    0.61339
      3       0.39269    0.48387   -0.78209
  23  0     -34.45415  162.93387 -165.83366
      1       0.98312    0.08989   -0.15933
      2       0.17592   -0.70348    0.68860
      3      -0.05019   -0.70501   -0.70742
  24  0    -135.14132  125.09891 -146.03015
      1       0.80081    0.11832   -0.58711
      2       0.48760   -0.69803    0.52440
      3      -0.34778   -0.70622   -0.61669
  25  0     -94.27606  167.45550 -135.29975
      1      -0.34145   -0.85479   -0.39083
      2      -0.69099   -0.05358    0.72087
      3      -0.63713    0.51620   -0.57236
  26  0     -86.36471  123.03834 -180.66003
      1      -0.56671    0.74233   -0.35746
      2       0.54054    0.66242    0.51867
      3       0.62182    0.10072   -0.77666
  27  0    -174.68325   70.95810 -140.31546
      1       0.39272   -0.53266   -0.74970
      2      -0.50408   -0.80650    0.30896
      3      -0.76920    0.25658   -0.58523
  28  0    -131.68056   69.39490 -181.87887
      1      -0.80095   -0.23798   -0.54940
      2      -0.45196    0.84216    0.29410
      3       0.39269    0.48387   -0.78209
  29  0    -165.60624   17.58150 -165.83366
      1       0.13649    0.69683   -0.70413
      2       0.98937   -0.13189    0.06125
      3      -0.05019   -0.70501   -0.70742
  30  0    -160.73709  -89.86934 -146.03015
      1      -0.21627    0.70043   -0.68016
      2       0.91229   -0.10317   -0.39633
      3      -0.34778   -0.70622   -0.61669
  31  0    -188.39256  -37.91526 -135.29975
      1       0.55166   -0.21319   -0.80636
      2      -0.53827   -0.82951   -0.14894
      3      -0.63713    0.51620   -0.57236
  32  0    -143.70458  -44.11677 -180.66003
      1      -0.68921   -0.40060   -0.60375
      2      -0.37194    0.91070   -0.17969
      3       0.62182    0.10072   -0.77666
  33  0    -121.46526 -144.20638 -140.31546
      1       0.60077    0.60243   -0.52551
      2       0.21773   -0.75581   -0.61753
      3      -0.76920    0.25658   -0.58523
  34  0    -106.69001 -103.79145 -181.87887
      1       0.18233   -0.87448   -0.44948
      2      -0.90141    0.03391   -0.43163
      3       0.39269    0.48387   -0.78209
  35  0     -67.89615 -152.06791 -165.83366
      1      -0.89877    0.34077   -0.27585
      2       0.43554    0.62196   -0.65074
      3      -0.05019   -0.70501   -0.70742
  36  0      35.80033 -180.64120 -146.03015
      1      -0.93447    0.31457    0.16675
      2       0.07623    0.63427   -0.76935
      3      -0.34778   -0.70622   -0.61669
  37  0     -22.15694 -190.88842 -135.29975
      1       0.68239    0.72303   -0.10753
      2       0.35833   -0.45909   -0.81292
      3      -0.63713    0.51620   -0.57236
  38  0      -2.44961 -150.30399 -180.66003
      1       0.14076   -0.98992   -0.01567
      2      -0.77041   -0.09958   -0.62972
      3       0.62182    0.10072   -0.77666
  39  0      99.61359 -160.08255 -140.31546
      1      -0.02142    0.90498    0.42492
      2       0.63864    0.33939   -0.69062
      3      -0.76920    0.25658   -0.58523
  40  0      65.74251 -133.54154 -181.87887
      1       0.91364   -0.30248    0.27160
      2      -0.10514   -0.82120   -0.56086
      3       0.39269    0.48387   -0.78209
  41  0     123.64411 -111.56464 -165.83366
      1      -0.69196   -0.48622    0.53365
      2      -0.72019    0.51629   -0.46343
      3      -0.05019   -0.70501   -0.70742
  42  0     182.86291  -21.77306 -146.03015
      1      -0.36127   -0.50602    0.78322
      2      -0.86518    0.49517   -0.07915
      3      -0.34778   -0.70622   -0.61669
  43  0     174.69881  -80.06027 -135.29975
      1      -0.12992    0.66005    0.73990
      2       0.75972    0.54578   -0.35348
      3      -0.63713    0.51620   -0.57236
  44  0     142.19063  -48.77621 -180.66003
      1       0.77620   -0.21120    0.59406
      2      -0.10420   -0.97224   -0.20950
      3       0.62182    0.10072   -0.77666
  45  0     229.40043    3.77429  -50.97959
      1       0.20629    0.10233    0.97313
      2       0.40941   -0.91230    0.00915
      3       0.88872    0.39652   -0.23009
  46  0     228.16357   53.49909  -17.73645
      1       0.23588   -0.07621    0.96879
      2      -0.97074    0.02771    0.23853
      3      -0.04502   -0.99671   -0.06744
  47  0     234.83832   -4.67999    8.02538
      1       0.05220   -0.01009    0.99859
      2       0.64172    0.76650   -0.02580
      3      -0.76516    0.64216    0.04648
  48  0     211.79159   61.05907  -81.57099
      1      -0.26324    0.33286    0.90549
      2       0.96472    0.09569    0.24528
      3      -0.00500    0.93811   -0.34630
  49  0     180.36413  103.80247 -109.22074
      1       0.60840    0.23251    0.75880
      2      -0.23305   -0.86162    0.45088
      3       0.75864   -0.45116   -0.47003
  50  0     201.57183  110.37013  -49.21968
      1       0.02365   -0.51698    0.85567
      2      -0.41964    0.77172    0.47786
      3      -0.90738   -0.37037   -0.19869
  51  0     110.46168  186.51570  -90.81756
      1       0.73124    0.50426    0.45936
      2      -0.08439   -0.60138    0.79449
      3       0.67688   -0.61973   -0.39720
  52  0     126.61559  195.08392  -33.85416
      1       0.27157   -0.79550    0.54169
      2      -0.32001    0.45618    0.83036
      3      -0.90766   -0.39885   -0.13069
  53  0     159.22305  156.60068  -73.20924
      1      -0.63587    0.35137    0.68717
      2       0.75052    0.07393    0.65669
      3       0.17994    0.93331   -0.31072
  54  0      67.29906  219.33907  -50.97959
      1      -0.32562    0.89928    0.29201
      2       0.32271   -0.18460    0.92832
      3       0.88872    0.39652   -0.23009
  55  0      19.62576  233.52856  -17.73645
      1       0.99612   -0.04990    0.07252
      2      -0.07564   -0.06391    0.99508
      3      -0.04502   -0.99671   -0.06744
  56  0      77.01996  221.89829    8.02538
      1      -0.59419   -0.73210    0.33311
      2       0.24795    0.22726    0.94174
      3      -0.76516    0.64216    0.04648
  57  0       7.37657  220.29405  -81.57099
      1      -0.99885    0.01185    0.04654
      2       0.04776    0.34614    0.93697
      3      -0.00500    0.93811   -0.34630
  58  0     -42.98643  203.61320 -109.22074
      1       0.40965    0.89130   -0.19432
      2       0.50661   -0.04513    0.86099
      3       0.75864   -0.45116   -0.47003
  59  0     -42.67912  225.81243  -49.21968
      1       0.40641   -0.89371   -0.19005
      2      -0.10718   -0.25320    0.96146
      3      -0.90738   -0.37037   -0.19869
  60  0    -143.25245  162.69182  -90.81756
      1       0.30623    0.72777   -0.61366
      2       0.66937    0.29374    0.68239
      3       0.67688   -0.61973   -0.39720
  61  0    -146.40947  180.70282  -33.85416
      1       0.38827   -0.67968   -0.62232
      2       0.15939   -0.61560    0.77177
      3      -0.90766   -0.39885   -0.13069
  62  0     -99.73348  199.82238  -73.20924
      1      -0.91029    0.03827   -0.41221
      2      -0.37283    0.35702    0.85647
      3       0.17994    0.93331   -0.31072
  63  0    -187.80731  131.78473  -50.97959
      1      -0.40754    0.45345   -0.79265
      2      -0.20997    0.79822    0.56459
      3       0.88872    0.39652   -0.23009
  64  0    -216.03417   90.82952  -17.73645
      1       0.37976    0.04536   -0.92397
      2       0.92399   -0.06721    0.37646
      3      -0.04502   -0.99671   -0.06744
  65  0    -187.23736  141.82070    8.02538
      1      -0.41942   -0.44237   -0.79271
      2      -0.48849   -0.62604    0.60782
      3      -0.76516    0.64216    0.04648
  66  0    -207.23263   75.09015  -81.57099
      1      -0.35408   -0.32553   -0.87673
      2      -0.93520    0.11823    0.33380
      3      -0.00500    0.93811   -0.34630
  67  0    -206.93122   22.03742 -109.22074
      1      -0.35522    0.31835   -0.87890
      2       0.54615    0.83373    0.08125
      3       0.75864   -0.45116   -0.47003
  68  0    -227.94898   29.18963  -49.21968
      1       0.22752   -0.03536   -0.97313
      2       0.35340   -0.92821    0.11635
      3      -0.90738   -0.37037   -0.19869
  69  0    -198.99654  -85.96662  -90.81756
      1      -0.54198   -0.05447   -0.83862
      2       0.49809    0.78292   -0.37275
      3       0.67688   -0.61973   -0.39720
  70  0    -217.10160  -83.40343  -33.85416
      1      -0.03161    0.37544   -0.92631
      2       0.41852   -0.83664   -0.35337
      3      -0.90766   -0.39885   -0.13069
  71  0    -220.86171  -33.10365  -73.20924
      1       0.07328   -0.32772   -0.94193
      2      -0.98094    0.14672   -0.12737
      3       0.17994    0.93331   -0.31072
  72  0    -183.37037 -137.89164  -50.97959
      1       0.07375   -0.61903   -0.78190
      2      -0.45247    0.67792   -0.57939
      3       0.88872    0.39652   -0.23009
  73  0    -153.14222 -177.39284  -17.73645
      1      -0.76142    0.07794   -0.64356
      2       0.64670    0.02237   -0.76242
      3      -0.04502   -0.99671   -0.06744
  74  0    -192.73902 -134.24831    8.02538
      1       0.33497    0.45870   -0.82304
      2      -0.54985   -0.61418   -0.56608
      3      -0.76516    0.64216    0.04648
  75  0    -135.45338 -173.88580  -81.57099
      1       0.78001   -0.21304   -0.58838
      2      -0.62575   -0.27307   -0.73067
      3      -0.00500    0.93811   -0.34630
  76  0     -84.90409 -189.99334 -109.22074
      1      -0.62919   -0.69455   -0.34887
      2      -0.16907    0.56040   -0.81078
      3       0.75864   -0.45116   -0.47003
  77  0     -98.20110 -207.77226  -49.21968
      1      -0.26579    0.87185   -0.41137
      2       0.32559   -0.32046   -0.88955
      3      -0.90738   -0.37037   -0.19869
  78  0      20.26579 -215.82210  -90.81756
      1      -0.64119   -0.76143    0.09536
      2      -0.36154    0.19013   -0.91276
      3       0.67688   -0.61973   -0.39720
  79  0      12.23328 -232.24897  -33.85416
      1      -0.40780    0.91171    0.04983
      2       0.09927    0.09853   -0.99017
      3      -0.90766   -0.39885   -0.13069
  80  0     -36.76659 -220.28156  -73.20924
      1       0.95558   -0.24081   -0.16994
      2      -0.23343   -0.26634   -0.93519
      3       0.17994    0.93331   -0.31072
  81  0      74.47820 -217.00642  -50.97959
      1       0.45312   -0.83603    0.30941
      2      -0.06968   -0.37924   -0.92267
      3       0.88872    0.39652   -0.23009
  82  0     121.38708 -200.46430  -17.73645
      1      -0.85034    0.00280    0.52623
      2      -0.52431    0.08104   -0.84766
      3      -0.04502   -0.99671   -0.06744
  83  0      68.11810 -224.79068    8.02538
      1       0.62645    0.72587    0.28405
      2       0.14866    0.24646   -0.95768
      3      -0.76516    0.64216    0.04648
  84  0     123.51783 -182.55748  -81.57099
      1       0.83616    0.19387    0.51309
      2       0.54847   -0.28700   -0.78538
      3      -0.00500    0.93811   -0.34630
  85  0     154.45759 -139.45975 -109.22074
      1      -0.03364   -0.74760    0.66329
      2      -0.65064   -0.48739   -0.58234
      3       0.75864   -0.45116   -0.47003
  86  0     167.25735 -157.59995  -49.21968
      1      -0.39179    0.57420    0.71889
      2      -0.15217    0.73015   -0.66613
      3      -0.90738   -0.37037   -0.19869
  87  0     211.52149  -47.41879  -90.81756
      1       0.14570   -0.41612    0.89756
      2      -0.72153   -0.66541   -0.19137
      3       0.67688   -0.61973   -0.39720
  88  0     224.66218  -60.13434  -33.85416
      1      -0.22043    0.18803    0.95711
      2      -0.35717    0.89753   -0.25858
      3      -0.90766   -0.39885   -0.13069
  89  0     198.13871 -103.03786  -73.20924
      1       0.51730    0.17889    0.83690
      2       0.83668   -0.31133   -0.45061
      3       0.17994    0.93331   -0.31072
  90  0     205.24998  -69.73040   90.81756
      1       0.50029   -0.00850    0.86582
      2       0.53995    0.78477   -0.30430
      3      -0.67688    0.61973    0.39720
  91  0     223.09115  -65.72346   33.85416
      1      -0.00206   -0.30713    0.95167
      2       0.41971   -0.86405   -0.27795
      3       0.90766    0.39885    0.13069
  92  0     222.80516  -15.28415   73.20924
      1       0.00562    0.31490    0.94911
      2      -0.98366    0.17253   -0.05142
      3      -0.17994   -0.93331    0.31072
  93  0     200.54296   91.46811   81.57099
      1       0.42794    0.31500    0.84713
      2      -0.90379    0.14396    0.40303
      3       0.00500   -0.93811    0.34630
  94  0     204.49729   38.56210  109.22075
      1       0.31028   -0.38419    0.86956
      2       0.57288    0.80552    0.15147
      3      -0.75864    0.45116    0.47003
  95  0     224.87375   47.37687   49.21968
      1      -0.25513    0.10969    0.96067
      2       0.33401   -0.92238    0.19402
      3       0.90738    0.37037    0.19869
  96  0     176.63337  146.42216   50.97960
      1       0.42306   -0.51601    0.74482
      2      -0.17661    0.75928    0.62634
      3      -0.88872   -0.39652    0.23009
  97  0     208.05387  107.86264   17.73644
      1      -0.45264   -0.03983    0.89081
      2       0.89056   -0.07063    0.44935
      3       0.04502    0.99671    0.06744
  98  0     175.26037  156.38010   -8.02537
      1       0.45725    0.49116    0.74141
      2      -0.45327   -0.58855    0.66944
      3       0.76516   -0.64216   -0.04648
  99  0     129.74330  173.65646   90.81756
      1      -0.35892   -0.74898    0.55695
      2       0.64266    0.23443    0.72941
      3      -0.67688    0.61973    0.39720
 100  0     131.44569  191.86263   33.85416
      1      -0.39980    0.72686    0.55842
      2       0.12774   -0.55911    0.81920
      3       0.90766    0.39885    0.13069
 101  0      83.38668  207.17725   73.20924
      1       0.93726   -0.06678    0.34219
      2      -0.29862    0.35280    0.88677
      3      -0.17994   -0.93331    0.31072
 102  0     -25.02016  218.99287   81.57099
      1       0.99180   -0.03957   -0.12153
      2       0.12771    0.34407    0.93022
      3       0.00500   -0.93811    0.34630
 103  0      26.51840  206.40480  109.22075
      1      -0.44896   -0.88481    0.12465
      2       0.47212   -0.11646    0.87381
      3      -0.75864    0.45116    0.47003
 104  0      24.43173  228.50789   49.21968
      1      -0.39650    0.91113    0.11233
      2      -0.13943   -0.18071    0.97360
      3       0.90738    0.37037    0.19869
 105  0     -84.67303  213.23524   50.97960
      1       0.29870   -0.88157   -0.36552
      2       0.34778   -0.25612    0.90191
      3      -0.88872   -0.39652    0.23009
 106  0     -38.29128  231.20237   17.73644
      1      -0.98684    0.05487   -0.15209
      2      -0.15529   -0.05970    0.98606
      3       0.04502    0.99671    0.06744
 107  0     -94.56788  215.00662   -8.02537
      1       0.57239    0.71152   -0.40757
      2       0.29480    0.28525    0.91199
      3       0.76516   -0.64216   -0.04648
 108  0    -125.06423  177.05600   90.81756
      1      -0.72212   -0.45440   -0.52160
      2      -0.14276   -0.63988    0.75509
      3      -0.67688    0.61973    0.39720
 109  0    -141.85327  184.30109   33.85416
      1      -0.24503    0.75635   -0.60654
      2      -0.34076    0.51851    0.78424
      3       0.90766    0.39885    0.13069
 110  0    -171.26938  143.32673   73.20924
      1       0.57363   -0.35617   -0.73762
      2       0.79910    0.04551    0.59947
      3      -0.17994   -0.93331    0.31072
 111  0    -216.00626   43.87694   81.57099
      1       0.18502   -0.33946   -0.92224
      2       0.98272    0.06869    0.17187
      3       0.00500   -0.93811    0.34630
 112  0    -188.10801   89.00310  109.22075
      1      -0.58775   -0.16266   -0.79252
      2      -0.28110   -0.87750    0.38857
      3      -0.75864    0.45116    0.47003
 113  0    -209.77411   93.84878   49.21968
      1       0.01008    0.45342   -0.89124
      2      -0.42018    0.81070    0.40770
      3       0.90738    0.37037    0.19869
 114  0    -228.96419  -14.63552   50.97960
      1      -0.23846   -0.02883   -0.97072
      2       0.39155   -0.91757   -0.06893
      3      -0.88872   -0.39652    0.23009
 115  0    -231.71920   35.02829   17.73644
      1      -0.15727    0.07374   -0.98480
      2      -0.98653    0.03373    0.16007
      3       0.04502    0.99671    0.06744
 116  0    -233.70655  -23.49869   -8.02537
      1      -0.10349   -0.05141   -0.99330
      2       0.63547    0.76484   -0.10580
      3       0.76516   -0.64216   -0.04648
 117  0    -207.03724  -64.22984   90.81756
      1      -0.08737    0.46815   -0.87932
      2      -0.73089   -0.62990   -0.26273
      3      -0.67688    0.61973    0.39720
 118  0    -219.11582  -77.95830   33.85416
      1       0.24837   -0.25940   -0.93329
      2      -0.33834    0.87956   -0.33451
      3       0.90766    0.39885    0.13069
 119  0    -189.23697 -118.59646   73.20924
      1      -0.58273   -0.15335   -0.79807
      2       0.79249   -0.32467   -0.51628
      3      -0.17994   -0.93331    0.31072
 120  0    -108.47905 -191.87543   81.57099
      1      -0.87745   -0.17023   -0.44845
      2       0.47964   -0.30162   -0.82400
      3       0.00500   -0.93811    0.34630
 121  0    -142.77555 -151.39787  109.22075
      1       0.08571    0.78428   -0.61445
      2      -0.64585   -0.42586   -0.63366
      3      -0.75864    0.45116    0.47003
 122  0    -154.07926 -170.50616   49.21968
      1       0.40273   -0.63090   -0.66315
      2      -0.12026    0.68175   -0.72163
      3       0.90738    0.37037    0.19869
 123  0     -56.83462 -222.28050   50.97960
      1      -0.44607    0.86375   -0.23442
      2      -0.10579   -0.31097   -0.94451
      3      -0.88872   -0.39652    0.23009
 124  0    -104.91906 -209.55371   17.73644
      1       0.88965   -0.00929   -0.45655
      2      -0.45442    0.08055   -0.88714
      3       0.04502    0.99671    0.06744
 125  0     -49.87071 -229.52962   -8.02537
      1      -0.63635   -0.74330   -0.20633
      2       0.09794    0.18745   -0.97738
      3       0.76516   -0.64216   -0.04648
 126  0      -2.89182 -216.75220   90.81756
      1       0.66812    0.74373   -0.02185
      2      -0.30895    0.25059   -0.91747
      3      -0.67688    0.61973    0.39720
 127  0       6.43223 -232.48195   33.85416
      1       0.39853   -0.91667    0.02974
      2       0.13166    0.02509   -0.99098
      3       0.90766    0.39885    0.13069
 128  0      54.31450 -216.62335   73.20924
      1      -0.93378    0.26139    0.24439
      2      -0.30932   -0.24617   -0.91854
      3      -0.17994   -0.93331    0.31072
 129  0     148.96252 -162.46248   81.57099
      1      -0.72731    0.23425    0.64509
      2      -0.68629   -0.25510   -0.68113
      3       0.00500   -0.93811    0.34630
 130  0      99.86787 -182.57213  109.22075
      1       0.64073    0.64737    0.41277
      2      -0.11806    0.61430   -0.78019
      3      -0.75864    0.45116    0.47003
 131  0     114.54789 -199.22738   49.21968
      1       0.23883   -0.84334    0.48139
      2       0.34586   -0.38935   -0.85369
      3       0.90738    0.37037    0.19869
 132  0     193.83845 -122.74141   50.97960
      1      -0.03723    0.56266    0.82585
      2      -0.45693    0.72538   -0.51481
      3      -0.88872   -0.39652    0.23009
 133  0     166.87565 -164.53963   17.73644
      1       0.70710   -0.07948    0.70263
      2       0.70568    0.01605   -0.70835
      3       0.04502    0.99671    0.06744
 134  0     202.88474 -118.35843   -8.02537
      1      -0.28979   -0.40797    0.86578
      2      -0.57494   -0.64899   -0.49825
      3       0.76516   -0.64216   -0.04648
 135  0     168.42981   84.73893  140.31546
      1      -0.35103    0.59562    0.72251
      2      -0.53395   -0.76119    0.36809
      3       0.76920   -0.25658    0.58523
 136  0     125.69100   79.73200  181.87887
      1       0.83462    0.16967    0.52404
      2      -0.38627    0.85853    0.33722
      3      -0.39269   -0.48387    0.78209
 137  0     163.66278   30.80630  165.83367
      1      -0.21540   -0.68400    0.69695
      2       0.97524   -0.18735    0.11753
      3       0.05019    0.70501    0.70742
 138  0     124.67321  135.53413  146.03015
      1      -0.83734   -0.06196    0.54317
      2       0.42180   -0.70527    0.56980
      3       0.34778    0.70622    0.61669
 139  0      80.54263  174.47694  135.29975
      1       0.39576    0.85634    0.33175
      2      -0.66138    0.01515    0.74989
      3       0.63713   -0.51620    0.57236
 140  0      76.21898  129.56836  180.66003
      1       0.52154   -0.79307    0.31471
      2       0.58425    0.60075    0.54567
      3      -0.62182   -0.10071    0.77666
 141  0     -28.54384  186.37203  140.31546
      1       0.39935    0.90799   -0.12681
      2      -0.49885    0.33125    0.80089
      3       0.76920   -0.25658    0.58523
 142  0     -36.98899  144.17778  181.87887
      1       0.62528   -0.76408   -0.15877
      2       0.67441    0.42667    0.60260
      3      -0.39269   -0.48387    0.78209
 143  0      21.27605  165.17222  165.83367
      1      -0.99407   -0.03318    0.10359
      2       0.09651   -0.70842    0.69916
      3       0.05019    0.70501    0.70742
 144  0     -90.37448  160.45362  146.03015
      1      -0.65991    0.65161   -0.37406
      2      -0.66601   -0.27687    0.69266
      3       0.34778    0.70622    0.61669
 145  0    -141.04839  130.51693  135.29975
      1       0.75131    0.25021   -0.61067
      2       0.17202    0.81910    0.54725
      3       0.63713   -0.51620    0.57236
 146  0     -99.67388  112.52738  180.66003
      1      -0.39449   -0.81642   -0.42171
      2       0.67655   -0.56861    0.46793
      3      -0.62182   -0.10071    0.77666
 147  0    -186.07086   30.44532  140.31546
      1       0.59784   -0.03445   -0.80088
      2       0.22565    0.96591    0.12689
      3       0.76920   -0.25658    0.58523
 148  0    -148.55144    9.37478  181.87887
      1      -0.44818   -0.64190   -0.62217
      2       0.80308   -0.59484    0.03521
      3      -0.39269   -0.48387    0.78209
 149  0    -150.51346   71.27575  165.83367
      1      -0.39897    0.66350   -0.63293
      2      -0.91559   -0.25047    0.31458
      3       0.05019    0.70501    0.70742
 150  0    -180.52771  -36.36834  146.03015
      1       0.42949    0.46467   -0.77435
      2      -0.83342    0.53416   -0.14171
      3       0.34778    0.70622    0.61669
 151  0    -167.71533  -93.81304  135.29975
      1       0.06857   -0.70169   -0.70917
      2       0.76770    0.49108   -0.41168
      3       0.63713   -0.51620    0.57236
 152  0    -137.82082  -60.02261  180.66003
      1      -0.76534    0.28849   -0.57534
      2      -0.16611   -0.95217   -0.25647
      3      -0.62182   -0.10071    0.77666
 153  0     -86.45428 -167.55579  140.31546
      1      -0.02986   -0.92928   -0.36816
      2       0.63831    0.26571   -0.72247
      3       0.76920   -0.25658    0.58523
 154  0     -54.82086 -138.38386  181.87887
      1      -0.90226    0.36736   -0.22575
      2      -0.17808   -0.79430   -0.58084
      3      -0.39269   -0.48387    0.78209
 155  0    -114.29848 -121.12139  165.83367
      1       0.74749    0.44325   -0.49477
      2      -0.66238    0.55362   -0.50474
      3       0.05019    0.70501    0.70742
 156  0     -21.19778 -182.93049  146.03015
      1       0.92535   -0.36442   -0.10451
      2       0.15093    0.60700   -0.78024
      3       0.34778    0.70622    0.61669
 157  0      37.39462 -188.49658  135.29975
      1      -0.70893   -0.68388    0.17238
      2       0.30245   -0.51560   -0.80168
      3       0.63713   -0.51620    0.57236
 158  0      14.49593 -149.62339  180.66003
      1      -0.07852    0.99472    0.06613
      2      -0.77922   -0.01987   -0.62644
      3      -0.62182   -0.10071    0.77666
 159  0     132.63919 -134.00048  140.31546
      1      -0.61629   -0.53987    0.57334
      2       0.16884   -0.80169   -0.57340
      3       0.76920   -0.25658    0.58523
 160  0     114.67030  -94.90069  181.87887
      1      -0.10945    0.86895    0.48265
      2      -0.91313    0.10393   -0.39419
      3      -0.39269   -0.48387    0.78209
 161  0      79.87312 -146.13288  165.83367
      1       0.86094   -0.38955    0.32715
      2       0.50622    0.59263   -0.62652
      3       0.05019    0.70501    0.70742
 162  0     167.42676  -76.68892  146.03015
      1       0.14241   -0.68990    0.70976
      2       0.92670   -0.15902   -0.34050
      3       0.34778    0.70622    0.61669
 163  0     190.82648  -22.68425  135.29975
      1      -0.50672    0.27903    0.81571
      2      -0.58077   -0.80974   -0.08379
      3       0.63713   -0.51620    0.57236
 164  0     146.77980  -32.44973  180.66003
      1       0.71682    0.32628    0.61621
      2      -0.31547    0.93989   -0.13069
      3      -0.62182   -0.10071    0.77666
 165  0      56.71452    7.71727  227.95091
      1       0.90979    0.34695    0.22782
      2      -0.36458    0.93035    0.03909
      3      -0.19839   -0.11862    0.97292
 166  0      88.75955  -40.77014  213.76361
      1       0.00837   -0.92306    0.38457
      2       0.98055   -0.06784   -0.18418
      3       0.19610    0.37863    0.90454
 167  0     111.37626   18.58541  206.11951
      1      -0.62336    0.61390    0.48430
      2      -0.66467   -0.74225    0.08536
      3       0.41187   -0.26869    0.87073
 168  0      10.18620   56.32348  227.95091
      1       0.62788   -0.77760    0.03322
      2       0.75260    0.61747    0.22875
      3      -0.19839   -0.11862    0.97292
 169  0      66.20292   71.81669  213.76361
      1      -0.92997   -0.22072    0.29400
      2       0.31096   -0.89885    0.30883
      3       0.19610    0.37863    0.90454
 170  0      16.74138  111.66833  206.11951
      1       0.43950    0.89563    0.06848
      2      -0.79825    0.35448    0.48697
      3       0.41187   -0.26869    0.87073
 171  0     -50.41911   27.09256  227.95091
      1      -0.52174   -0.82754   -0.20729
      2       0.82972   -0.54873    0.10229
      3      -0.19839   -0.11862    0.97292
 172  0     -47.84390   85.15529  213.76361
      1      -0.58312    0.78665   -0.20287
      2      -0.78836   -0.48767    0.37505
      3       0.19610    0.37863    0.90454
 173  0    -101.02952   50.42941  206.11951
      1       0.89499   -0.06037   -0.44198
      2       0.17132    0.96133    0.21561
      3       0.41187   -0.26869    0.87073
 174  0     -41.34691  -39.57936  227.95091
      1      -0.95033    0.26615   -0.16133
      2      -0.23981   -0.95660   -0.16553
      3      -0.19839   -0.11862    0.97292
 175  0     -95.77207  -19.18782  213.76361
      1       0.56958    0.70689   -0.41938
      2      -0.79820    0.59745   -0.07704
      3       0.19610    0.37863    0.90454
 176  0     -79.18106  -80.50124  206.11951
      1       0.11363   -0.93294   -0.34164
      2       0.90413    0.23965   -0.35372
      3       0.41187   -0.26869    0.87073
 177  0      24.86531  -51.55395  227.95091
      1      -0.06560    0.99203    0.10758
      2      -0.97793   -0.04248   -0.20459
      3      -0.19839   -0.11862    0.97292
 178  0     -11.34650  -97.01401  213.76361
      1       0.93514   -0.34976   -0.05632
      2       0.29505    0.85692   -0.42266
      3       0.19610    0.37863    0.90454
 179  0      52.09293 -100.18191  206.11951
      1      -0.82476   -0.51622    0.23084
      2       0.38746   -0.81322   -0.43422
      3       0.41187   -0.26869    0.87073
